(34670) 37217
(34670) 37417
(34670) 37466
(34670) 37517
(34670) 37617
(34670) 37817
(34670) 46117
(34674) 31217
(34674) 33217
(34674) 33317
(34674) 33347
(34675) 20006
(34675) 20007
(34675) 20009
(34675) 20099
(34675) 20226
(34675) 20253
(34675) 20254
(34675) 20291
(34675) 20595
(34675) 20657
(34675) 20738
(34675) 20777
(34675) 20836
(34675) 20839
(34675) 20845
(34675) 20967
(34675) 21026
(34675) 21027
(34675) 21028
(34675) 21101
(34675) 21110
(34675) 21168
(34675) 21173
(34675) 21205
(34675) 21206
(34675) 21211
(34675) 21212
(34675) 21218
(34675) 21230
(34675) 21231
(34675) 21234
(34675) 21241
(34675) 21259
(34675) 21267
(34675) 21273
(34675) 21293
(34675) 21644
(34675) 21824
(34675) 21825
(34675) 21826
(34675) 21835
(34675) 21838
(34675) 21839
(34675) 21850
(34675) 21851
(34675) 21852
(34675) 21853
(34675) 21881
(34675) 21990
(34675) 22000
(34675) 22002
(34675) 22003
(34675) 22004
(34675) 22008
(34675) 22011
(34675) 22014
(34675) 22015
(34675) 22016
(34675) 22017
(34675) 22018
(34675) 22019
(34675) 22020
(34675) 22023
(34675) 22025
(34675) 22027
(34675) 22029
(34675) 22030
(34675) 22032
(34675) 22034
(34675) 22037
(34675) 22038
(34675) 22039
(34675) 22040
(34675) 22041
(34675) 22043
(34675) 22044
(34675) 22045
(34675) 22047
(34675) 22049
(34675) 22050
(34675) 22051
(34675) 22052
(34675) 22053
(34675) 22054
(34675) 22055
(34675) 22059
(34675) 22060
(34675) 22061
(34675) 22063
(34675) 22064
(34675) 22065
(34675) 22066
(34675) 22067
(34675) 22068
(34675) 22069
(34675) 22070
(34675) 22071
(34675) 22072
(34675) 22074
(34675) 22076
(34675) 22077
(34675) 22079
(34675) 22080
(34675) 22081
(34675) 22082
(34675) 22083
(34675) 22084
(34675) 22086
(34675) 22087
(34675) 22088
(34675) 22089
(34675) 22090
(34675) 22091
(34675) 22092
(34675) 22093
(34675) 22094
(34675) 22095
(34675) 22096
(34675) 22097
(34675) 22099
(34675) 22103
(34675) 22104
(34675) 22105
(34675) 22106
(34675) 22107
(34675) 22109
(34675) 22111
(34675) 22112
(34675) 22113
(34675) 22114
(34675) 22115
(34675) 22119
(34675) 22120
(34675) 22121
(34675) 22123
(34675) 22124
(34675) 22125
(34675) 22126
(34675) 22127
(34675) 22128
(34675) 22129
(34675) 22130
(34675) 22131
(34675) 22133
(34675) 22134
(34675) 22135
(34675) 22136
(34675) 22137
(34675) 22138
(34675) 22139
(34675) 22140
(34675) 22141
(34675) 22142
(34675) 22143
(34675) 22144
(34675) 22145
(34675) 22146
(34675) 22147
(34675) 22149
(34675) 22150
(34675) 22151
(34675) 22152
(34675) 22153
(34675) 22154
(34675) 22156
(34675) 22157
(34675) 22158
(34675) 22159
(34675) 22160
(34675) 22161
(34675) 22162
(34675) 22163
(34675) 22164
(34675) 22166
(34675) 22167
(34675) 22168
(34675) 22169
(34675) 22170
(34675) 22171
(34675) 22172
(34675) 22173
(34675) 22174
(34675) 22175
(34675) 22176
(34675) 22177
(34675) 22178
(34675) 22179
(34675) 22180
(34675) 22182
(34675) 22183
(34675) 22184
(34675) 22191
(34675) 22192
(34675) 22195
(34675) 22196
(34675) 22198
(34675) 22200
(34675) 22201
(34675) 22203
(34675) 22205
(34675) 22206
(34675) 22208
(34675) 22210
(34675) 22211
(34675) 22212
(34675) 22213
(34675) 22214
(34675) 22215
(34675) 22216
(34675) 22217
(34675) 22218
(34675) 22219
(34675) 22220
(34675) 22221
(34675) 22222
(34675) 22223
(34675) 22225
(34675) 22228
(34675) 22229
(34675) 22236
(34675) 22242
(34675) 22243
(34675) 22244
(34675) 22246
(34675) 22247
(34675) 22248
(34675) 22250
(34675) 22252
(34675) 22253
(34675) 22255
(34675) 22256
(34675) 22257
(34675) 22260
(34675) 22261
(34675) 22262
(34675) 22263
(34675) 22264
(34675) 22265
(34675) 22267
(34675) 22268
(34675) 22269
(34675) 22270
(34675) 22271
(34675) 22272
(34675) 22274
(34675) 22277
(34675) 22279
(34675) 22280
(34675) 22281
(34675) 22282
(34675) 22283
(34675) 22284
(34675) 22285
(34675) 22286
(34675) 22288
(34675) 22289
(34675) 22290
(34675) 22291
(34675) 22292
(34675) 22293
(34675) 22294
(34675) 22295
(34675) 22296
(34675) 22297
(34675) 22299
(34675) 22301
(34675) 22302
(34675) 22303
(34675) 22307
(34675) 22308
(34675) 22309
(34675) 22310
(34675) 22313
(34675) 22315
(34675) 22316
(34675) 22317
(34675) 22318
(34675) 22319
(34675) 22320
(34675) 22321
(34675) 22322
(34675) 22323
(34675) 22324
(34675) 22325
(34675) 22326
(34675) 22328
(34675) 22329
(34675) 22330
(34675) 22331
(34675) 22331
(34675) 22332
(34675) 22333
(34675) 22334
(34675) 22335
(34675) 22337
(34675) 22338
(34675) 22339
(34675) 22341
(34675) 22342
(34675) 22343
(34675) 22344
(34675) 22345
(34675) 22348
(34675) 22349
(34675) 22350
(34675) 22351
(34675) 22352
(34675) 22353
(34675) 22355
(34675) 22356
(34675) 22357
(34675) 22358
(34675) 22359
(34675) 22360
(34675) 22361
(34675) 22363
(34675) 22365
(34675) 22366
(34675) 22367
(34675) 22369
(34675) 22370
(34675) 22371
(34675) 22372
(34675) 22374
(34675) 22375
(34675) 22376
(34675) 22377
(34675) 22378
(34675) 22379
(34675) 22381
(34675) 22382
(34675) 22384
(34675) 22386
(34675) 22388
(34675) 22389
(34675) 22390
(34675) 22391
(34675) 22392
(34675) 22393
(34675) 22394
(34675) 22395
(34675) 22396
(34675) 22397
(34675) 22398
(34675) 22400
(34675) 22404
(34675) 22406
(34675) 22407
(34675) 22408
(34675) 22409
(34675) 22410
(34675) 22412
(34675) 22413
(34675) 22414
(34675) 22415
(34675) 22416
(34675) 22419
(34675) 22420
(34675) 22421
(34675) 22422
(34675) 22425
(34675) 22426
(34675) 22427
(34675) 22428
(34675) 22429
(34675) 22430
(34675) 22431
(34675) 22432
(34675) 22433
(34675) 22435
(34675) 22436
(34675) 22437
(34675) 22441
(34675) 22442
(34675) 22443
(34675) 22444
(34675) 22445
(34675) 22446
(34675) 22447
(34675) 22448
(34675) 22450
(34675) 22451
(34675) 22452
(34675) 22454
(34675) 22455
(34675) 22456
(34675) 22457
(34675) 22458
(34675) 22459
(34675) 22460
(34675) 22461
(34675) 22462
(34675) 22463
(34675) 22465
(34675) 22466
(34675) 22468
(34675) 22469
(34675) 22470
(34675) 22471
(34675) 22472
(34675) 22473
(34675) 22476
(34675) 22477
(34675) 22478
(34675) 22479
(34675) 22480
(34675) 22482
(34675) 22484
(34675) 22485
(34675) 22486
(34675) 22487
(34675) 22488
(34675) 22489
(34675) 22490
(34675) 22491
(34675) 22492
(34675) 22493
(34675) 22494
(34675) 22495
(34675) 22499
(34675) 22500
(34675) 22501
(34675) 22506
(34675) 22507
(34675) 22510
(34675) 22513
(34675) 22515
(34675) 22517
(34675) 22518
(34675) 22519
(34675) 22523
(34675) 22526
(34675) 22528
(34675) 22529
(34675) 22530
(34675) 22531
(34675) 22534
(34675) 22535
(34675) 22536
(34675) 22537
(34675) 22538
(34675) 22539
(34675) 22541
(34675) 22544
(34675) 22545
(34675) 22546
(34675) 22547
(34675) 22550
(34675) 22551
(34675) 22553
(34675) 22554
(34675) 22555
(34675) 22556
(34675) 22557
(34675) 22558
(34675) 22560
(34675) 22561
(34675) 22563
(34675) 22564
(34675) 22566
(34675) 22567
(34675) 22569
(34675) 22571
(34675) 22572
(34675) 22573
(34675) 22574
(34675) 22576
(34675) 22578
(34675) 22579
(34675) 22580
(34675) 22581
(34675) 22582
(34675) 22585
(34675) 22586
(34675) 22587
(34675) 22589
(34675) 22590
(34675) 22591
(34675) 22592
(34675) 22593
(34675) 22594
(34675) 22595
(34675) 22596
(34675) 22597
(34675) 22598
(34675) 22601
(34675) 22604
(34675) 22605
(34675) 22607
(34675) 22609
(34675) 22610
(34675) 22611
(34675) 22612
(34675) 22613
(34675) 22614
(34675) 22615
(34675) 22618
(34675) 22619
(34675) 22622
(34675) 22623
(34675) 22624
(34675) 22626
(34675) 22629
(34675) 22643
(34675) 22657
(34675) 22659
(34675) 22662
(34675) 22664
(34675) 22665
(34675) 22667
(34675) 22668
(34675) 22669
(34675) 22670
(34675) 22671
(34675) 22673
(34675) 22674
(34675) 22675
(34675) 22678
(34675) 22681
(34675) 22682
(34675) 22685
(34675) 22686
(34675) 22687
(34675) 22692
(34675) 22693
(34675) 22694
(34675) 22695
(34675) 22696
(34675) 22698
(34675) 22700
(34675) 22701
(34675) 22702
(34675) 22704
(34675) 22705
(34675) 22706
(34675) 22707
(34675) 22708
(34675) 22709
(34675) 22712
(34675) 22713
(34675) 22715
(34675) 22720
(34675) 22721
(34675) 22723
(34675) 22724
(34675) 22726
(34675) 22727
(34675) 22728
(34675) 22729
(34675) 22730
(34675) 22731
(34675) 22732
(34675) 22733
(34675) 22734
(34675) 22735
(34675) 22736
(34675) 22737
(34675) 22738
(34675) 22739
(34675) 22740
(34675) 22741
(34675) 22742
(34675) 22745
(34675) 22749
(34675) 22751
(34675) 22752
(34675) 22753
(34675) 22755
(34675) 22756
(34675) 22757
(34675) 22759
(34675) 22760
(34675) 22761
(34675) 22763
(34675) 22764
(34675) 22766
(34675) 22767
(34675) 22769
(34675) 22771
(34675) 22772
(34675) 22773
(34675) 22774
(34675) 22775
(34675) 22777
(34675) 22778
(34675) 22779
(34675) 22956
(34675) 28131
(34675) 22780
(34675) 22781
(34675) 22782
(34675) 22787
(34675) 22789
(34675) 22790
(34675) 22791
(34675) 22792
(34675) 22793
(34675) 22794
(34675) 22795
(34675) 22796
(34675) 22797
(34675) 22798
(34675) 22799
(34675) 22800
(34675) 22801
(34675) 22802
(34675) 22805
(34675) 22806
(34675) 22807
(34675) 22808
(34675) 22809
(34675) 22810
(34675) 22813
(34675) 22814
(34675) 22815
(34675) 22816
(34675) 22818
(34675) 22819
(34675) 22821
(34675) 22822
(34675) 22823
(34675) 22825
(34675) 22826
(34675) 22827
(34675) 22828
(34675) 22829
(34675) 22830
(34675) 22832
(34675) 22833
(34675) 22834
(34675) 22835
(34675) 22836
(34675) 22839
(34675) 22840
(34675) 22841
(34675) 22842
(34675) 22844
(34675) 22847
(34675) 22848
(34675) 22849
(34675) 22850
(34675) 22851
(34675) 22852
(34675) 22853
(34675) 22855
(34675) 22860
(34675) 22862
(34675) 22863
(34675) 22864
(34675) 22865
(34675) 22867
(34675) 22868
(34675) 22870
(34675) 22871
(34675) 22872
(34675) 22873
(34675) 22874
(34675) 22875
(34675) 22876
(34675) 22877
(34675) 22878
(34675) 22879
(34675) 22881
(34675) 22882
(34675) 22883
(34675) 22884
(34675) 22888
(34675) 22889
(34675) 22890
(34675) 22891
(34675) 22894
(34675) 22895
(34675) 22897
(34675) 22899
(34675) 22901
(34675) 22902
(34675) 22904
(34675) 22905
(34675) 22906
(34675) 22907
(34675) 22908
(34675) 22909
(34675) 22911
(34675) 22913
(34675) 22914
(34675) 22915
(34675) 22920
(34675) 22921
(34675) 22922
(34675) 22925
(34675) 22926
(34675) 22927
(34675) 22928
(34675) 22929
(34675) 22930
(34675) 22931
(34675) 22933
(34675) 22934
(34675) 22935
(34675) 22937
(34675) 22938
(34675) 22939
(34675) 22940
(34675) 22941
(34675) 22942
(34675) 22943
(34675) 22944
(34675) 22945
(34675) 22946
(34675) 22947
(34675) 22948
(34675) 22951
(34675) 22952
(34675) 22953
(34675) 22954
(34675) 22955
(34675) 22958
(34675) 22959
(34675) 22960
(34675) 22961
(34675) 22962
(34675) 22963
(34675) 22964
(34675) 22965
(34675) 22966
(34675) 22967
(34675) 22185
(34675) 22968
(34675) 22969
(34675) 22970
(34675) 22971
(34675) 22972
(34675) 22973
(34675) 22974
(34675) 22975
(34675) 22976
(34675) 22977
(34675) 22978
(34675) 22979
(34675) 22980
(34675) 22981
(34675) 22982
(34675) 22983
(34675) 22984
(34675) 22985
(34675) 22986
(34675) 22987
(34675) 22988
(34675) 22989
(34675) 22990
(34675) 22994
(34675) 22997
(34675) 23001
(34675) 23026
(34675) 23115
(34675) 23306
(34675) 23372
(34675) 23385
(34675) 23407
(34675) 23573
(34675) 23934
(34675) 23957
(34675) 24002
(34675) 24003
(34675) 24010
(34675) 24011
(34675) 24015
(34675) 24023
(34675) 24026
(34675) 24035
(34675) 24039
(34675) 24048
(34675) 24052
(34675) 24055
(34675) 24057
(34675) 24058
(34675) 24059
(34675) 24063
(34675) 24065
(34675) 24077
(34675) 24084
(34675) 24086
(34675) 24089
(34675) 24090
(34675) 24093
(34675) 24094
(34675) 24100
(34675) 24101
(34675) 24102
(34675) 24103
(34675) 24104
(34675) 24109
(34675) 24113
(34675) 24121
(34675) 24122
(34675) 24127
(34675) 24137
(34675) 24139
(34675) 24165
(34675) 24200
(34675) 24208
(34675) 24241
(34675) 24441
(34675) 24451
(34675) 24509
(34675) 24546
(34675) 24566
(34675) 24813
(34675) 24815
(34675) 24916
(34675) 24945
(34675) 24975
(34675) 25048
(34675) 25775
(34675) 25802
(34675) 25812
(34675) 25814
(34675) 25830
(34675) 25835
(34675) 25869
(34675) 25872
(34675) 25878
(34675) 25887
(34675) 27344
(34675) 28014
(34675) 29045
(34675) 29022
(34675) 22584
(34675) 28017
(34675) 28018
(34675) 28034
(34675) 28053
(34675) 28058
(34675) 28069
(34675) 28070
(34675) 28101
(34675) 28106
(34675) 28112
(34675) 28154
(34675) 28192
(34675) 28239
(34675) 28252
(34675) 28387
(34675) 28405
(34675) 28475
(34675) 28478
(34675) 28505
(34675) 28597
(34675) 28642
(34675) 28649
(34675) 28650
(34675) 28659
(34675) 28738
(34675) 28851
(34675) 28970
(34675) 29006
(34675) 29007
(34675) 29011
(34675) 29013
(34675) 29025
(34675) 29030
(34675) 29036
(34675) 29040
(34675) 29042
(34675) 29046
(34675) 29047
(34675) 29053
(34675) 29054
(34675) 29056
(34675) 29057
(34675) 29058
(34675) 29068
(34675) 29073
(34675) 29080
(34675) 29083
(34675) 29084
(34675) 29088
(34675) 29091
(34675) 29099
(34675) 29105
(34675) 29148
(34675) 29264
(34675) 29266
(34675) 29278
(34675) 29306
(34675) 29307
(34675) 29308
(34675) 29310
(34675) 29311
(34675) 29316
(34675) 29318
(34675) 29321
(34675) 29324
(34675) 29349
(34675) 29352
(34675) 29355
(34675) 29357
(34675) 29358
(34675) 29360
(34675) 29362
(34675) 29365
(34675) 29369
(34675) 29370
(34675) 29371
(34675) 29375
(34675) 29376
(34675) 29383
(34675) 29390
(34675) 29391
(34675) 29392
(34675) 29398
(34675) 29399
(34675) 67611
(34675) 67612
(34675) 67613
(34675) 67616
(34675) 67617
(34675) 67618
(34675) 67620
(34675) 67621
(34675) 67636
(34675) 67643
(34675) 67680
(34675) 69506
(34675) 69515
(34675) 69550
(34675) 69555
(34675) 69565
(34675) 69569
(34995) 49005
(34995) 49010
(34995) 49011
(34995) 49032
(34995) 49045
(34995) 49296
(34675) 23999
(34675) 21590
(34675) 41413
(34675) 73310
(34675) 70372