(34670) 35003
(34670) 36334
(34670) 36740
(34670) 37057
(34670) 37061
(34670) 37070
(34670) 37119
(34670) 37162
(34670) 37167
(34670) 37172
(34670) 37353
(34670) 37362
(34670) 37363
(34670) 37366
(34670) 37422
(34670) 37453
(34670) 37553
(34670) 37562
(34670) 37570
(34670) 37573
(34670) 37574
(34670) 37575
(34670) 37576
(34670) 37599
(34670) 37675
(34670) 37718
(34670) 37736
(34670) 37737
(34670) 37744
(34670) 37766
(34670) 37767
(34670) 37768
(34670) 37796
(34670) 37828
(34670) 37829
(34670) 37849
(34670) 37854
(34670) 37862
(34670) 37868
(34670) 37874
(34670) 37875
(34670) 37910
(34670) 37911
(34670) 37912
(34670) 37915
(34670) 37922
(34670) 37923
(34670) 37925
(34670) 37932
(34670) 37934
(34670) 37962
(34670) 46661
(34670) 46815
(34670) 46921
(34670) 47810
(34670) 47812
(34670) 47814
(34670) 48080
(34670) 48081
(34678) 38535
(34678) 38910
(34678) 49019
(34678) 49092
(34678) 49094
(34678) 49392
(34678) 49393