(34670) 35502
(34670) 35503
(34670) 35505
(34670) 35506
(34670) 35507
(34670) 35508
(34670) 35510
(34670) 35511
(34670) 35512
(34670) 35513
(34670) 35517
(34670) 35519
(34670) 35521
(34670) 35522
(34670) 35524
(34670) 35525
(34670) 35526
(34670) 35527
(34670) 35528
(34670) 35529
(34670) 35530
(34670) 35531
(34670) 35532
(34670) 35533
(34670) 35534
(34670) 35535
(34670) 35536
(34670) 35537
(34670) 35538
(34670) 35539
(34670) 35540
(34670) 35541
(34670) 35542
(34670) 35543
(34670) 35544
(34670) 35545
(34670) 35546
(34670) 35547
(34670) 35548
(34670) 35549
(34670) 35550
(34670) 35551
(34670) 35552
(34670) 35553
(34670) 35554
(34670) 35555
(34670) 35556
(34670) 35557
(34670) 35558
(34670) 35559
(34670) 35560
(34670) 35561
(34670) 35562
(34670) 35563
(34670) 35564
(34670) 35565
(34670) 35566
(34670) 35567
(34670) 35568
(34670) 35569
(34670) 35570
(34670) 35571
(34670) 35573
(34670) 35574
(34670) 35575
(34670) 35576
(34670) 35577
(34670) 35579
(34670) 35580
(34670) 35581
(34670) 35582
(34670) 35583
(34670) 35584
(34670) 35585
(34670) 35586
(34670) 35588
(34670) 35589
(34670) 35590
(34670) 35591
(34670) 35592
(34670) 35593
(34670) 35594
(34670) 35595
(34670) 35596
(34670) 35597
(34670) 35598
(34670) 35599
(34670) 35600
(34670) 35601
(34670) 35602
(34670) 35604
(34670) 35606
(34670) 35608
(34670) 35609
(34670) 35611
(34670) 36252
(34670) 36272
(34670) 36438
(34670) 36801
(34670) 37818
(34670) 46252
(34670) 46272
(34670) 46564
(34670) 46731
(34670) 46754
(34670) 47056
(34670) 47061
(34670) 47252
(34670) 47272
(34670) 47373
(34670) 47584
(34670) 47585
(34670) 47716
(34670) 47995
(34670) 48072
(34670) 48252
(34670) 48256
(34670) 48272
(34670) 48328
(34678) 38252
(34678) 38272
(34678) 38552
(34678) 38807
(34678) 38808
(34678) 49025
(34678) 49252
(34678) 49272
(34678) 49331
(34678) 49338
(34678) 51228
(34678) 51252
(34678) 51272
(34678) 51328