(34670) 48016
(34670) 48024
(34670) 48027
(34670) 48030
(34670) 48035
(34670) 48036
(34670) 48053
(34670) 48064
(34670) 48070
(34670) 48084
(34670) 48200
(34670) 48201
(34670) 48202
(34670) 48205
(34670) 48207
(34670) 48209
(34670) 48210
(34670) 48211
(34670) 48212
(34670) 48214
(34670) 48215
(34670) 48216
(34670) 48217
(34670) 48219
(34670) 48220
(34670) 48222
(34670) 48223
(34670) 48224
(34670) 48225
(34670) 48226
(34670) 48227
(34670) 48228
(34670) 48229
(34670) 48233
(34670) 48245
(34670) 48247
(34670) 48253
(34670) 48255
(34670) 48259
(34670) 48262
(34670) 48263
(34670) 48265
(34670) 48267
(34670) 48268
(34670) 48270
(34670) 48274
(34670) 48275
(34670) 48277
(34670) 48278
(34670) 48279
(34670) 48296
(34670) 48299
(34670) 48302
(34670) 48306
(34670) 48308
(34670) 48314
(34670) 48317
(34670) 48319
(34670) 48320
(34670) 48323
(34670) 48326
(34670) 48335
(34670) 48351
(34670) 48359
(34670) 48360
(34670) 48362
(34670) 48364
(34670) 48365
(34670) 48366
(34670) 48367
(34670) 48368
(34670) 48384
(34670) 48396
(34670) 48444
(34670) 48700
(34670) 48715
(34670) 48765
(34670) 48776
(34670) 48973
(34670) 48978
(34670) 48979
(34670) 48980