(34670) 47210
(34670) 47211
(34670) 47212
(34670) 47214
(34670) 47215
(34670) 47216
(34670) 47219
(34670) 47220
(34670) 47222
(34670) 47223
(34670) 47225
(34670) 47226
(34670) 47227
(34670) 47229
(34670) 47233
(34670) 47253
(34670) 47254
(34670) 47255
(34670) 47257
(34670) 47261
(34670) 47263
(34670) 47265
(34670) 47267
(34670) 47268
(34670) 47270
(34670) 47274
(34670) 47275
(34670) 47277
(34670) 47278
(34670) 47279
(34670) 47301
(34670) 47307
(34670) 47319
(34670) 47322
(34670) 47324
(34670) 47327
(34670) 47334
(34670) 47335
(34670) 47336
(34670) 47341
(34670) 47351
(34670) 47352
(34670) 47353
(34670) 47357
(34670) 47360
(34670) 47367
(34670) 47370
(34670) 47372
(34670) 47378
(34670) 47383
(34670) 47385
(34670) 47388
(34670) 47390
(34670) 47391
(34670) 47393
(34670) 47396
(34670) 47398
(34670) 47408
(34670) 47449
(34670) 47453
(34670) 47506
(34670) 47539
(34670) 47759
(34670) 47806
(34670) 47809
(34670) 47832
(34670) 47864
(34670) 47873
(34670) 47875
(34670) 47877
(34670) 47879
(34670) 47977
(34674) 24369
(34670) 47269
(34670) 47217