(34670) 35034
(34670) 35091
(34670) 37329
(34670) 37380
(34670) 37381
(34670) 37382
(34670) 37383
(34670) 37384
(34670) 37390
(34670) 37394
(34670) 37395
(34675) 20223
(34675) 20307
(34675) 20323
(34675) 20348
(34675) 20363
(34675) 21341
(34675) 21434
(34675) 21448
(34675) 21547
(34675) 21549
(34675) 21611
(34675) 21618
(34675) 21678
(34675) 21684
(34675) 21755
(34675) 21759
(34675) 21766
(34675) 21784
(34675) 21790
(34675) 21797
(34675) 21874
(34675) 21903
(34675) 22275
(34675) 23021
(34675) 23024
(34675) 23039
(34675) 23044
(34675) 23067
(34675) 23089
(34675) 23093
(34675) 23110
(34675) 23121
(34675) 23122
(34675) 23129
(34675) 23150
(34675) 23152
(34675) 23161
(34675) 23174
(34675) 23186
(34675) 23192
(34675) 23223
(34675) 23310
(34675) 23318
(34675) 23369
(34675) 23381
(34675) 23386
(34675) 23396
(34675) 23398
(34675) 23421
(34675) 23461
(34675) 23464
(34675) 23478
(34675) 23482
(34675) 23490
(34675) 23506
(34675) 23621
(34675) 23775
(34675) 23778
(34675) 23788
(34675) 23793
(34675) 23832
(34675) 23905
(34675) 23931
(34675) 24123
(34675) 24124
(34675) 25696
(34675) 25866
(34675) 25914
(34675) 25917
(34675) 25919
(34675) 25921
(34675) 25925
(34675) 25937
(34675) 25940
(34675) 25949
(34675) 25950
(34675) 25965
(34675) 25992
(34675) 26919
(34675) 27385
(34675) 27400
(34675) 27401
(34675) 27402
(34675) 27403
(34675) 27404
(34675) 27405
(34675) 27406
(34675) 27408
(34675) 27411
(34675) 27412
(34675) 27413
(34675) 27414
(34675) 27416
(34675) 27417
(34675) 27418
(34675) 27421
(34675) 27422
(34675) 27423
(34675) 27424
(34675) 27428
(34675) 27432
(34675) 27433
(34675) 27435
(34675) 27436
(34675) 27438
(34675) 27439
(34675) 27442
(34675) 27445
(34675) 27455
(34675) 27459
(34675) 27463
(34675) 27468
(34675) 27469
(34675) 27471
(34675) 27474
(34675) 27484
(34675) 27485
(34675) 27487
(34675) 27494
(34675) 27495
(34675) 27519
(34675) 27520
(34675) 27523
(34675) 27526
(34675) 27529
(34675) 27530
(34675) 27532
(34675) 27545
(34675) 27553
(34675) 27554
(34675) 27558
(34675) 27559
(34675) 27564
(34675) 27577
(34675) 27582
(34675) 27588
(34675) 27592
(34675) 27593
(34675) 27609
(34675) 27682
(34675) 27689
(34675) 27704
(34675) 27717
(34675) 27731
(34675) 27744
(34675) 27745
(34675) 27749
(34675) 27750
(34675) 27752
(34675) 27754
(34675) 27759
(34675) 27761
(34675) 27764
(34675) 27769
(34675) 27772
(34675) 27778
(34675) 27920
(34675) 27927
(34675) 27934
(34675) 27940
(34675) 27946
(34675) 27947
(34675) 27949
(34675) 27955
(34675) 27956
(34675) 28001
(34675) 28003
(34675) 28012
(34675) 28025
(34675) 28038
(34675) 28081
(34675) 28098
(34675) 28113
(34675) 28212
(34675) 28265
(34675) 28266
(34675) 28371
(34675) 28432
(34675) 28584
(34675) 28669
(34675) 28670
(34675) 28671
(34675) 28749
(34675) 28750
(34675) 28752
(34675) 28755
(34675) 28756
(34675) 28759
(34675) 28760
(34675) 28761
(34675) 28784
(34675) 28785
(34675) 28831
(34675) 28835
(34675) 28864
(34675) 28991
(34675) 29394
(34675) 67637
(34675) 67656
(34675) 67657
(34675) 67658
(34675) 67659
(34675) 67661
(34675) 67662
(34675) 67663
(34675) 67664
(34675) 67665
(34675) 67667
(34675) 67668
(34675) 67671
(34675) 67672
(34675) 67673
(34675) 67674
(34675) 67677
(34675) 67678
(34675) 67679
(34675) 67681
(34675) 67682
(34675) 67683
(34675) 67684
(34675) 67685
(34675) 67686
(34675) 67687
(34675) 67688
(34675) 67689
(34675) 67690
(34675) 67691
(34995) 49105
(34995) 49124
(34995) 49127
(34995) 49128
(34995) 49142
(34995) 49165
(34995) 49167
(34995) 49169
(34995) 49175
(34995) 49177
(34995) 49226
(34995) 49227
(34995) 49234
(34995) 49240
(34995) 49241
(34995) 49242
(34995) 49250
(34995) 49269
(34995) 49379
(34995) 49459
(34675) 27790
(34675) 27931
(34675) 27566
(34675) 27426
(34675) 27578
(34675) 27572