(34670) 35082
(34670) 35100
(34670) 35300
(34670) 35303
(34670) 35305
(34670) 35306
(34670) 35307
(34670) 35308
(34670) 35309
(34670) 35311
(34670) 35314
(34670) 35321
(34670) 35323
(34670) 35324
(34670) 35329
(34670) 35330
(34670) 35336
(34670) 35340
(34670) 35341
(34670) 35342
(34670) 35345
(34670) 35346
(34670) 35355
(34670) 35362
(34670) 35373
(34670) 35378
(34670) 35379
(34670) 35380
(34670) 35381
(34670) 35382
(34670) 35385
(34670) 35386
(34670) 35387
(34670) 35395
(34670) 35396
(34670) 35500
(34670) 35501
(34670) 35700
(34670) 37008
(34670) 37009
(34670) 37011
(34670) 37012
(34670) 37014
(34670) 37019
(34670) 37020
(34670) 37030
(34670) 37033
(34670) 37034
(34670) 37039
(34670) 37045
(34670) 37046
(34670) 37047
(34670) 37048
(34670) 37059
(34670) 37063
(34670) 37064
(34670) 37065
(34670) 37067
(34670) 37069
(34670) 37075
(34670) 37077
(34670) 37078
(34670) 37085
(34670) 37089
(34670) 37093
(34670) 37099
(34670) 37100
(34670) 37102
(34670) 37104
(34670) 37114
(34670) 37124
(34670) 37126
(34670) 37139
(34670) 37149
(34670) 37153
(34670) 37159
(34670) 37160
(34670) 37161
(34670) 37169
(34670) 37173
(34670) 37197
(34670) 37200
(34670) 37203
(34670) 37204
(34670) 37210
(34670) 37211
(34670) 37212
(34670) 37213
(34670) 37214
(34670) 37215
(34670) 37216
(34670) 37218
(34670) 37219
(34670) 37220
(34670) 37221
(34670) 37222
(34670) 37223
(34670) 37224
(34670) 37225
(34670) 37226
(34670) 37229
(34670) 37232
(34670) 37233
(34670) 37240
(34670) 37242
(34670) 37243
(34670) 37246
(34670) 37247
(34670) 37252
(34670) 37253
(34670) 37254
(34670) 37255
(34670) 37256
(34670) 37257
(34670) 37259
(34670) 37261
(34670) 37262
(34670) 37263
(34670) 37264
(34670) 37265
(34670) 37267
(34670) 37268
(34670) 37269
(34670) 37270
(34670) 37273
(34670) 37274
(34670) 37275
(34670) 37276
(34670) 37277
(34670) 37278
(34670) 37279
(34670) 37283
(34670) 37284
(34670) 37286
(34670) 37287
(34670) 37288
(34670) 37289
(34670) 37290
(34670) 37293
(34670) 37294
(34670) 37295
(34670) 37297
(34670) 37299
(34670) 37302
(34670) 37304
(34670) 37313
(34670) 37319
(34670) 37320
(34670) 37322
(34670) 37323
(34670) 37324
(34670) 37326
(34670) 37331
(34670) 37340
(34670) 37345
(34670) 37349
(34670) 37354
(34670) 37356
(34670) 37358
(34670) 37359
(34670) 37377
(34670) 37379
(34670) 37392
(34670) 37393
(34670) 37399
(34670) 37403
(34670) 37406
(34670) 37408
(34670) 37423
(34670) 37424
(34670) 37425
(34670) 37429
(34670) 37431
(34670) 37440
(34670) 37443
(34670) 37459
(34670) 37462
(34670) 37464
(34670) 37469
(34670) 37479
(34670) 37492
(34670) 37503
(34670) 37506
(34670) 37508
(34670) 37514
(34670) 37521
(34670) 37545
(34670) 37554
(34670) 37625
(34670) 37649
(34670) 37663
(34670) 37665
(34670) 37667
(34670) 37678
(34670) 37696
(34670) 37706
(34670) 37708
(34670) 37723
(34670) 37725
(34670) 37743
(34670) 37752
(34670) 37754
(34670) 37757
(34670) 37765
(34670) 37778
(34670) 37790
(34670) 37791
(34670) 37792
(34670) 37803
(34670) 37814
(34670) 37826
(34670) 37859
(34670) 37863
(34670) 37869
(34670) 37899
(34670) 37906
(34670) 37933
(34670) 37935
(34670) 37939
(34670) 37942
(34670) 37959
(34670) 37969
(34670) 37970
(34670) 37978
(34670) 37988
(34670) 21844
(34670) 23829
(34670) 22152
(34670) 21245
(34670) 21302
(34670) 21388
(34670) 22151
(34670) 23044
(34670) 23830
(34670) 31606
(34670) 33499