(34675) 25200
(34675) 25201
(34675) 25210
(34675) 25211
(34675) 25212
(34675) 25215
(34675) 25216
(34675) 25219
(34675) 25220
(34675) 25222
(34675) 25225
(34675) 25229
(34675) 25230
(34675) 25247
(34675) 25253
(34675) 25254
(34675) 25255
(34675) 25257
(34675) 25263
(34675) 25267
(34675) 25268
(34675) 25270
(34675) 25273
(34675) 25274
(34675) 25275
(34675) 25279
(34675) 25303
(34675) 25316
(34675) 25318
(34675) 25319
(34675) 25320
(34675) 25322
(34675) 25328
(34675) 25357
(34675) 25360
(34675) 25363
(34675) 25374
(34675) 25400
(34675) 25402
(34675) 25415
(34675) 25416
(34675) 25419
(34675) 25435
(34675) 25436
(34675) 25450
(34675) 25452
(34675) 25460
(34675) 25464
(34675) 25470
(34675) 25515
(34675) 25519
(34675) 25529
(34675) 25535
(34675) 25557
(34675) 25567
(34675) 25585
(34675) 25587
(34675) 25593
(34675) 25595
(34675) 27443
(34675) 27755
(34675) 69205
(34675) 69214
(34675) 69216
(34675) 69220
(34675) 69223
(34675) 69224
(34675) 69225
(34675) 69226
(34675) 69227
(34675) 69232
(34675) 69262
(34675) 69265
(34675) 69276
(34675) 69277
(34675) 69278
(34675) 69279
(34675) 69294
(34675) 69337
(34675) 69370
(34675) 69400
(34675) 69403
(34675) 69472
(34675) 69540
(34675) 69570
(34675) 69571
(34675) 69578
(34675) 69603
(34675) 69616
(34675) 69620
(34675) 69645
(34675) 69655
(34675) 69679
(34675) 69705
(34675) 69716
(34675) 69720
(34675) 69779
(34675) 69797
(34675) 69803
(34675) 69903