(34675) 20013
(34675) 20021
(34675) 20036
(34675) 20039
(34675) 20064
(34675) 20073
(34675) 20248
(34675) 20259
(34675) 20279
(34675) 20355
(34675) 20377
(34675) 20395
(34675) 20481
(34675) 20482
(34675) 20489
(34675) 20547
(34675) 20758
(34675) 20826
(34675) 20827
(34675) 20828
(34675) 20829
(34675) 20885
(34675) 20920
(34675) 21187
(34675) 21214
(34675) 21264
(34675) 21290
(34675) 21398
(34675) 21399
(34675) 21408
(34675) 21415
(34675) 21419
(34675) 21431
(34675) 21445
(34675) 21474
(34675) 21569
(34675) 21571
(34675) 21583
(34675) 21588
(34675) 21607
(34675) 21615
(34675) 21620
(34675) 21645
(34675) 21646
(34675) 21649
(34675) 21657
(34675) 21660
(34675) 21769
(34675) 21802
(34675) 21812
(34675) 23074
(34675) 23164
(34675) 23291
(34675) 23328
(34675) 23571
(34675) 23597
(34675) 23633
(34675) 23635
(34675) 23638
(34675) 24046
(34675) 24098
(34675) 24128
(34675) 24136
(34675) 24147
(34675) 24151
(34675) 24152
(34675) 24221
(34675) 24323
(34675) 24360
(34675) 24369
(34675) 24378
(34675) 24419
(34675) 24427
(34675) 24622
(34675) 24683
(34675) 24787
(34675) 28005
(34675) 28109
(34675) 28110
(34675) 28136
(34675) 28661
(34675) 28664
(34675) 28713
(34675) 28714
(34675) 21421
(34675) 23836
(34675) 21592