(34992) 53004
(34992) 53005
(34993) 22838
(34995) 16405
(34995) 16415
(34995) 16418
(34995) 16419
(34995) 16422
(34995) 16426
(34995) 16437
(34995) 16438
(34995) 16439
(34995) 16453
(34995) 16463
(34995) 16482
(34995) 16483
(34995) 16484
(34995) 16485
(34995) 16486
(34995) 16510
(34995) 16511
(34995) 16512
(34995) 16514
(34995) 16516
(34995) 16519
(34995) 16520
(34995) 16522
(34995) 16525
(34995) 16526
(34995) 16527
(34995) 16550
(34995) 16553
(34995) 16555
(34995) 16568
(34995) 16570
(34995) 16574
(34995) 16575
(34995) 16578
(34995) 16588
(34995) 16612
(34995) 16619
(34995) 16625
(34995) 16631
(34995) 16645
(34995) 16651
(34995) 16654
(34995) 16657
(34995) 16665
(34995) 16667
(34995) 16673
(34995) 16675
(34995) 16708
(34995) 18202
(34995) 18203
(34995) 18208
(34995) 18230
(34995) 18401
(34995) 18411
(34995) 18452
(34922) 35407
(34922) 35946
(34922) 40624
(34995) 16688
(34995) 18222
(34995) 18201
(34995) 18206
(34995) 18204
(34995) 18205