(34995) 16154
(34995) 16178
(34995) 16187
(34995) 16188
(34995) 16201
(34995) 16210
(34995) 16211
(34995) 16212
(34995) 16214
(34995) 16215
(34995) 16216
(34995) 16219
(34995) 16220
(34995) 16222
(34995) 16223
(34995) 16226
(34995) 16227
(34995) 16229
(34995) 16233
(34995) 16253
(34995) 16254
(34995) 16255
(34995) 16257
(34995) 16258
(34995) 16259
(34995) 16262
(34995) 16264
(34995) 16265
(34995) 16266
(34995) 16268
(34995) 16269
(34995) 16270
(34995) 16272
(34995) 16274
(34995) 16275
(34995) 16279
(34995) 16300
(34995) 16303
(34995) 16353
(34995) 16354
(34995) 16367
(34995) 16373
(34995) 38966