(34995) 48443
(34995) 48716
(34995) 48756
(34995) 48801
(34995) 48808
(34995) 48810
(34995) 48811
(34995) 48812
(34995) 48813
(34995) 48814
(34995) 48815
(34995) 48816
(34995) 48817
(34995) 48818
(34995) 48819
(34995) 48820
(34995) 48821
(34995) 48822
(34995) 48823
(34995) 48824
(34995) 48825
(34995) 48826
(34995) 48827
(34995) 48828
(34995) 48829
(34995) 48830
(34995) 48831
(34995) 48832
(34995) 48833
(34995) 48834
(34995) 48835
(34995) 48836
(34995) 48837
(34995) 48839
(34995) 48841
(34995) 48842
(34995) 48843
(34995) 48844
(34995) 48845
(34995) 48847
(34995) 48851
(34995) 48852
(34995) 48853
(34995) 48854
(34995) 48855
(34995) 48859
(34995) 48860
(34995) 48861
(34995) 48862
(34995) 48863
(34995) 48864
(34995) 48865
(34995) 48866
(34995) 48867
(34995) 48868
(34995) 48869
(34995) 48870
(34995) 48871
(34995) 48872
(34995) 48873
(34995) 48875
(34995) 48876
(34995) 48877
(34995) 48880
(34995) 49034
(34995) 49035
(34995) 49036
(34995) 49038
(34995) 49044
(34995) 49046
(34995) 49048
(34995) 51566
(34995) 51926
(34995) 51927
(34995) 51936
(34995) 51938
(34995) 51939
(34995) 51940
(34995) 51941
(34995) 51943
(34995) 51944
(34995) 51946
(34995) 51948
(34995) 51949