(34995) 13407
(34995) 13408
(34995) 13423
(34995) 13467
(34995) 13500
(34995) 13510
(34995) 13511
(34995) 13512
(34995) 13514
(34995) 13515
(34995) 13516
(34995) 13517
(34995) 13519
(34995) 13520
(34995) 13521
(34995) 13522
(34995) 13523
(34995) 13525
(34995) 13526
(34995) 13529
(34995) 13533
(34995) 13534
(34995) 13535
(34995) 13539
(34995) 13553
(34995) 13554
(34995) 13555
(34995) 13558
(34995) 13561
(34995) 13565
(34995) 13567
(34995) 13568
(34995) 13569
(34995) 13570
(34995) 13575
(34995) 13578
(34995) 13591
(34995) 13594
(34995) 13596
(34995) 13598
(34995) 13599
(34995) 13607
(34995) 13618
(34995) 13619
(34995) 13627
(34995) 13631
(34995) 13638
(34995) 13643
(34995) 13644
(34995) 13659
(34995) 13661
(34995) 13665
(34995) 13668
(34995) 13670
(34995) 13680
(34995) 13684
(34995) 13693
(34995) 13694
(34995) 13697
(34995) 13799
(34995) 13888
(34995) 36555