(34678) 49001
(34678) 49004
(34678) 49016
(34678) 49017
(34678) 49018
(34678) 49022
(34678) 49026
(34678) 49029
(34678) 49033
(34678) 49040
(34678) 49042
(34678) 49043
(34678) 49044
(34678) 49046
(34678) 49047
(34678) 49091
(34678) 49095
(34678) 49111
(34678) 49114
(34678) 49121
(34678) 49131
(34678) 49137
(34678) 49184
(34678) 49201
(34678) 49210
(34678) 49211
(34678) 49212
(34678) 49213
(34678) 49214
(34678) 49215
(34678) 49216
(34678) 49217
(34678) 49219
(34678) 49220
(34678) 49221
(34678) 49222
(34678) 49223
(34678) 49224
(34678) 49225
(34678) 49226
(34678) 49227
(34678) 49229
(34678) 49233
(34678) 49240
(34678) 49242
(34678) 49247
(34678) 49312
(34678) 49298
(34678) 49259
(34678) 49385
(34678) 49275
(34678) 49028
(34678) 49274
(34678) 49367
(34678) 49330
(34678) 49253
(34678) 49263
(34678) 49356
(34678) 49325
(34678) 49352
(34678) 49041
(34678) 49202
(34678) 49203
(34678) 49204
(34678) 49205
(34678) 49206
(34678) 49207
(34678) 49209
(34678) 49360
(34678) 49288
(34678) 49353
(34678) 49093
(34678) 49277
(34678) 49278
(34678) 49003
(34678) 49370
(34678) 49230
(34678) 49231
(34678) 49232
(34678) 49234
(34678) 49235
(34678) 49236
(34678) 49237
(34678) 49238
(34678) 49239
(34678) 49280
(34678) 49315
(34678) 49250
(34678) 49251
(34678) 49254
(34678) 49255
(34678) 49257
(34678) 49260
(34678) 49261
(34678) 49262
(34678) 49264
(34678) 49265
(34678) 49267
(34678) 49268
(34678) 49269
(34678) 49270
(34678) 49273
(34678) 49276
(34678) 49279
(34678) 49281
(34678) 49282
(34678) 49283
(34678) 49284
(34678) 49285
(34678) 49286
(34678) 49287
(34678) 49289
(34678) 49293
(34678) 49294
(34678) 49295
(34678) 49297
(34678) 49299
(34678) 49301
(34678) 49303
(34678) 49316
(34678) 49317
(34678) 49318
(34678) 49320
(34678) 49326
(34678) 49327
(34678) 49329
(34678) 49333
(34678) 49335
(34678) 49355
(34678) 49337
(34678) 49342
(34678) 49343
(34678) 49345
(34678) 49346
(34678) 49347
(34678) 49348
(34678) 49349
(34678) 49351
(34678) 49354
(34678) 49357
(34678) 49358
(34678) 49364
(34678) 49365
(34678) 49378
(34678) 49379
(34678) 49400
(34678) 49401
(34678) 49412
(34678) 49448
(34678) 49453
(34678) 49461
(34678) 49484
(34678) 49485
(34678) 49488
(34678) 49499
(34678) 49537
(34678) 49541
(34678) 49560
(34678) 49564
(34678) 49602
(34678) 49641
(34678) 49680
(34678) 49929
(34678) 49930
(34678) 49934
(34678) 49953
(34678) 49972
(34678) 49980