(34995) 51024
(34995) 51032
(34995) 51041
(34995) 51069
(34995) 51076
(34995) 51080
(34995) 51082
(34995) 51090
(34995) 51101
(34995) 51103
(34995) 51113
(34995) 51114
(34995) 51116
(34995) 51120
(34995) 51122
(34995) 51124
(34995) 51127
(34995) 51132
(34995) 51141
(34995) 51146
(34995) 51153
(34995) 51158
(34995) 51167
(34995) 51168
(34995) 51179
(34995) 51183
(34995) 51186
(34995) 51197
(34995) 51198
(34995) 51200
(34995) 51202
(34995) 51203
(34995) 51204
(34995) 51205
(34995) 51206
(34995) 51210
(34995) 51211
(34995) 51212
(34995) 51213
(34995) 51214
(34995) 51215
(34995) 51216
(34995) 51219
(34995) 51220
(34995) 51222
(34995) 51223
(34995) 51224
(34995) 51225
(34995) 51227
(34995) 51229
(34995) 51232
(34995) 51233
(34995) 51234
(34995) 51239
(34995) 51241
(34995) 51245
(34995) 51250
(34995) 51253
(34995) 51254
(34995) 51255
(34995) 51257
(34995) 51258
(34995) 51265
(34995) 51268
(34995) 51270
(34995) 51274
(34995) 51275
(34995) 51279
(34995) 51287
(34995) 51288
(34995) 51317
(34995) 51319
(34995) 51334
(34995) 51335
(34995) 51351
(34995) 51352
(34995) 51353
(34995) 51354
(34995) 51364
(34995) 51367
(34995) 51368
(34995) 51370
(34995) 51387
(34995) 51392
(34995) 51401
(34995) 51402
(34995) 51403
(34995) 51414
(34995) 51416
(34995) 51419
(34995) 51420
(34995) 51479
(34995) 51489
(34995) 51761
(34995) 51774
(34995) 56008
(34995) 56015
(34995) 56030
(34995) 56033
(34995) 56038
(34995) 56112
(34995) 56113
(34995) 56153
(34995) 56154
(34995) 56156
(34995) 56197
(34995) 56214
(34995) 56453
(34995) 56462
(34995) 56674
(34995) 57264
(34995) 59026
(34995) 59121
(34995) 59277
(34995) 59555
(34995) 59709
(34995) 59816