(34678) 38016
(34678) 38102
(34678) 38103
(34678) 38104
(34678) 38105
(34678) 38106
(34678) 38115
(34678) 38123
(34678) 38155
(34678) 38190
(34678) 38203
(34678) 38204
(34678) 38205
(34678) 38206
(34678) 38207
(34678) 38208
(34678) 38210
(34678) 38211
(34678) 38212
(34678) 38214
(34678) 38216
(34678) 38217
(34678) 38219
(34678) 38220
(34678) 38222
(34678) 38223
(34678) 38224
(34678) 38226
(34678) 38227
(34678) 38229
(34678) 38233
(34678) 38243
(34678) 38244
(34678) 38245
(34678) 38246
(34678) 38247
(34678) 38248
(34678) 38253
(34678) 38254
(34678) 38259
(34678) 38263
(34678) 38265
(34678) 38267
(34678) 38268
(34678) 38270
(34678) 38274
(34678) 38275
(34678) 38278
(34678) 38279
(34678) 38291
(34678) 38301
(34678) 38304
(34678) 38314
(34678) 38317
(34678) 38319
(34678) 38322
(34678) 38333
(34678) 38334
(34678) 38335
(34678) 38343
(34678) 38346
(34678) 38347
(34678) 38349
(34678) 38350
(34678) 38364
(34678) 38367
(34678) 38381
(34678) 38391
(34678) 38401
(34678) 38402
(34678) 38409
(34678) 38451
(34678) 38456
(34678) 38458
(34678) 38465
(34678) 38466
(34678) 38473
(34678) 38474
(34678) 38478
(34678) 38550
(34678) 38610
(34678) 38646
(34678) 38664
(34678) 38675
(34678) 38843
(34678) 38888
(34678) 38924
(34678) 38955
(34678) 38961
(34678) 38969
(34678) 38983
(34678) 38989
(34678) 38215
(34678) 38311
(34678) 38273
(34678) 38080
(34678) 38358
(34678) 38459