(34995) 14015
(34995) 14022
(34995) 14055
(34995) 14059
(34995) 14067
(34995) 14076
(34995) 14086
(34995) 14119
(34995) 14123
(34995) 14143
(34995) 14154
(34995) 14157
(34995) 14169
(34995) 14174
(34995) 14175
(34995) 14180
(34995) 14201
(34995) 14202
(34995) 14203
(34995) 14204
(34995) 14205
(34995) 14206
(34995) 14207
(34995) 14208
(34995) 14209
(34995) 14210
(34995) 14211
(34995) 14212
(34995) 14214
(34995) 14215
(34995) 14216
(34995) 14219
(34995) 14220
(34995) 14222
(34995) 14223
(34995) 14225
(34995) 14226
(34995) 14227
(34995) 14229
(34995) 14253
(34995) 14255
(34995) 14257
(34995) 14265
(34995) 14267
(34995) 14268
(34995) 14270
(34995) 14274
(34995) 14275
(34995) 14279
(34995) 14290
(34995) 14308
(34995) 14317
(34995) 14319
(34995) 14331
(34995) 14357
(34995) 14365
(34995) 14367
(34995) 14376
(34995) 14378
(34995) 14379
(34995) 14382
(34995) 14437
(34995) 14447
(34995) 14608
(34995) 14620
(34995) 14703
(34995) 14784
(34995) 14866
(34995) 14927