(34995) 15501
(34995) 15510
(34995) 15511
(34995) 15512
(34995) 15516
(34995) 15697
(34995) 15626
(34995) 15563
(34995) 19587
(34995) 19603
(34995) 15527
(34995) 15553
(34995) 15555
(34995) 15568
(34995) 15570
(34995) 15574
(34995) 15575
(34995) 15578
(34995) 15603
(34995) 15633
(34995) 15634
(34995) 15639
(34995) 15667
(34995) 15669
(34995) 15676
(34995) 15681
(34995) 15684
(34995) 15689
(34995) 15921
(34995) 15922
(34995) 15924
(34995) 15933
(34995) 19552
(34995) 15685
(34995) 15698
(34995) 19598
(34995) 19582
(34995) 19704