(34674) 31204
(34674) 31229
(34674) 31249
(34674) 58011
(34674) 58019
(34674) 58077
(34674) 58084
(34674) 58106
(34674) 58140
(34674) 58200
(34674) 58205
(34674) 58210
(34674) 58211
(34674) 58212
(34674) 58214
(34674) 58215
(34674) 58216
(34674) 58217
(34674) 58219
(34674) 58220
(34674) 58222
(34674) 58223
(34674) 58225
(34674) 58226
(34674) 58227
(34674) 58228
(34674) 58229
(34674) 58232
(34674) 58233
(34674) 58241
(34674) 58253
(34674) 58255
(34674) 58259
(34674) 58261
(34674) 58263
(34674) 58265
(34674) 58267
(34674) 58269
(34674) 58270
(34674) 58272
(34674) 58274
(34674) 58275
(34674) 58276
(34674) 58277
(34674) 58279
(34674) 58281
(34674) 58286
(34674) 58294
(34674) 58297
(34674) 58298
(34674) 58299
(34674) 58304
(34674) 58308
(34674) 58311
(34674) 58313
(34674) 58316
(34674) 58317
(34674) 58319
(34674) 58331
(34674) 58334
(34674) 58335
(34674) 58340
(34674) 58341
(34674) 58346
(34674) 58357
(34674) 58360
(34674) 58367
(34674) 58370
(34674) 58387
(34674) 58392
(34674) 58405
(34674) 58501
(34674) 58509
(34674) 58544
(34674) 58549
(34674) 58571
(34674) 58579
(34674) 58586
(34674) 58596
(34674) 58704
(34674) 58797
(34674) 22606
(34674) 58865
(34674) 58866
(34674) 58910
(34674) 58924
(34674) 58368
(34674) 58235
(34674) 58314
(34674) 58252
(34674) 58325
(34674) 58243
(34674) 58355
(34674) 58585
(34674) 58307
(34674) 24526