(34675) 22230
(34675) 28545
(34675) 28546
(34675) 28093
(34675) 28585
(34675) 28322
(34675) 23210
(34675) 22231
(34675) 23431
(34675) 23231
(34675) 28008
(34675) 28009
(34675) 20613
(34675) 23893
(34675) 20088
(34675) 28222
(34675) 21555
(34675) 22232
(34675) 28032
(34675) 22233
(34675) 21920
(34675) 28111
(34675) 28122
(34675) 22559
(34675) 22237
(34675) 25822
(34675) 22812
(34675) 27393
(34675) 28717
(34675) 29330
(34675) 21377
(34675) 24484
(34675) 23168
(34675) 29667
(34675) 26308
(34675) 21450
(34675) 21220
(34675) 20187
(34675) 28151
(34675) 24196
(34675) 21249
(34675) 23548