(34675) 20349
(34675) 20350
(34675) 20351
(34675) 20356
(34675) 20361
(34675) 20369
(34675) 20373
(34675) 20887
(34675) 21382
(34675) 21614
(34675) 21669
(34675) 21988
(34675) 21989
(34675) 21992
(34675) 21993
(34675) 21994
(34675) 21995
(34675) 21996
(34675) 21998
(34675) 23260
(34675) 23405
(34675) 23624
(34675) 23625
(34675) 23805
(34675) 23863
(34675) 23959
(34675) 23998
(34675) 24016
(34675) 24085
(34675) 24194
(34675) 24213
(34675) 24413
(34675) 24414
(34675) 24428
(34675) 24762
(34675) 24896
(34675) 24913
(34675) 25725
(34675) 25774
(34675) 25776
(34675) 25777
(34675) 25778
(34675) 25779
(34675) 25780
(34675) 25781
(34675) 25782
(34675) 25783
(34675) 25784
(34675) 25785
(34675) 25786
(34675) 25787
(34675) 25788
(34675) 25789
(34675) 25790
(34675) 25791
(34675) 25792
(34675) 25794