(34670) 36103
(34670) 36156
(34670) 36163
(34670) 36167
(34670) 36195
(34670) 36203
(34670) 36204
(34670) 36205
(34670) 36206
(34670) 36207
(34670) 36214
(34670) 36227
(34670) 36233
(34670) 36253
(34670) 36254
(34670) 36255
(34670) 36259
(34670) 36263
(34670) 36274
(34670) 36275
(34670) 36210
(34670) 36211
(34670) 36212
(34670) 36270
(34670) 36216
(34670) 36268
(34670) 36226
(34670) 36476
(34670) 36220
(34670) 36341
(34670) 36215
(34670) 36293
(34670) 36295
(34670) 36297
(34670) 36219
(34670) 36222
(34670) 36223
(34670) 36257
(34670) 36229
(34670) 36381
(34670) 36277
(34670) 36278
(34670) 36279
(34670) 36313
(34670) 36319
(34670) 36320
(34670) 36347
(34670) 36367
(34670) 36380
(34670) 36382
(34670) 36391
(34670) 36399
(34670) 36400
(34670) 36416
(34670) 36458
(34670) 36468
(34670) 36565
(34670) 36745
(34670) 36804
(34670) 36841
(34670) 36864
(34670) 36968
(34670) 36969
(34670) 36970
(34670) 36166
(34670) 36394