(34670) 46003"
(34670) 46020
(34670) 46053
(34670) 46060
(34670) 46067
(34670) 46077
(34670) 46119
(34670) 46121
(34670) 46122
(34670) 46124
(34670) 46125
(34670) 46149
(34670) 46152
(34670) 46153
(34670) 46157
(34670) 46158
(34670) 46165
(34670) 46167
(34670) 46175
(34670) 46176
(34670) 46177
(34670) 46178
(34670) 46193
(34670) 46195
(34670) 46196
(34670) 46210
(34670) 46211
(34670) 46212
(34670) 46214
(34670) 46215
(34670) 46216
(34670) 46219
(34670) 46220
(34670) 46221
(34670) 46222
(34670) 46223
(34670) 46224
(34670) 46225
(34670) 46226
(34670) 46227
(34670) 46229
(34670) 46233
(34670) 46242
(34670) 46244
(34670) 46246
(34670) 46249
(34670) 46253
(34670) 46254
(34670) 46255
(34670) 46259
(34670) 46261
(34670) 46262
(34670) 46265
(34670) 46267
(34670) 46268
(34670) 46270
(34670) 46274
(34670) 46275
(34670) 46277
(34670) 46279
(34670) 46281
(34670) 46282
(34670) 46283
(34670) 46284
(34670) 46285
(34670) 46287
(34670) 46288
(34670) 46289
(34670) 46293
(34670) 46294
(34670) 46295
(34670) 46297
(34670) 46299
(34670) 46306
(34670) 46319
(34670) 46322
(34670) 46323
(34670) 46324
(34670) 46327
(34670) 46333
(34670) 46340
(34670) 46341
(34670) 46344
(34670) 46345
(34670) 46350
(34670) 46354
(34670) 46357
(34670) 46360
(34670) 46363
(34670) 46364
(34670) 46365
(34670) 46367
(34670) 46374
(34670) 46383
(34670) 46384
(34670) 46444
(34670) 46544
(34670) 46557
(34670) 46583
(34670) 46654
(34670) 46662
(34670) 46763
(34670) 46818
(34670) 46874
(34670) 46909