(34674) 33107
(34674) 33108
(34674) 33124
(34674) 33125
(34674) 33138
(34674) 33147
(34674) 33148
(34674) 33153
(34674) 33161
(34674) 33164
(34674) 33165
(34674) 33169
(34674) 33201
(34674) 33210
(34674) 33211
(34674) 33212
(34674) 33214
(34674) 33216
(34674) 33219
(34674) 33226
(34674) 33233
(34674) 33245
(34674) 33253
(34674) 33254
(34674) 33255
(34674) 33257
(34674) 33263
(34674) 33265
(34674) 33268
(34674) 33269
(34674) 33270
(34674) 33275
(34674) 33279
(34674) 33303
(34674) 33319
(34674) 33321
(34674) 33340
(34674) 33345
(34674) 33356
(34674) 33357
(34674) 33358
(34674) 33516
(34674) 33525
(34674) 33533
(34674) 33534
(34674) 33551
(34674) 33586
(34674) 33740
(34674) 33742
(34674) 33790