(34678) 50210
(34678) 50211
(34678) 50212
(34678) 50214
(34678) 50215
(34678) 50216
(34678) 50218
(34678) 50219
(34678) 50220
(34678) 50222
(34678) 50223
(34678) 50226
(34678) 50227
(34678) 50229
(34678) 50233
(34678) 50244
(34678) 50255
(34678) 50257
(34678) 50263
(34678) 50268
(34678) 50270
(34678) 50279
(34678) 50313
(34678) 50317
(34678) 50319
(34678) 50321
(34678) 50330
(34678) 50338
(34678) 50343
(34678) 50356
(34678) 50365
(34678) 50367
(34678) 50401
(34678) 50423
(34678) 50426
(34678) 50432
(34678) 50440
(34678) 50719