(34670) 35101
(34670) 35102
(34670) 35103
(34670) 35104
(34670) 35105
(34670) 35107
(34670) 35109
(34670) 35110
(34670) 35111
(34670) 35112
(34670) 35113
(34670) 35114
(34670) 35115
(34670) 35116
(34670) 35117
(34670) 35118
(34670) 35119
(34670) 35121
(34670) 35122
(34670) 35126
(34670) 35127
(34670) 35130
(34670) 35134
(34670) 35135
(34670) 35136
(34670) 35137
(34670) 35138
(34670) 35142
(34670) 35227
(34670) 37940
(34675) 20228
(34675) 20243
(34675) 20245
(34675) 20252
(34675) 20255
(34675) 20298
(34675) 20317
(34675) 20346
(34675) 20382
(34675) 20423
(34675) 20427
(34675) 20468
(34675) 20471
(34675) 20472
(34675) 20478
(34675) 20605
(34675) 20662
(34675) 20663
(34675) 20728
(34675) 20759
(34675) 20790
(34675) 20794
(34675) 20805
(34675) 20842
(34675) 20850
(34675) 20856
(34675) 20858
(34675) 20959
(34675) 20974
(34675) 21013
(34675) 21015
(34675) 21088
(34675) 21108
(34675) 21109
(34675) 21129
(34675) 21150
(34675) 21197
(34675) 21258
(34675) 21283
(34675) 21314
(34675) 21316
(34675) 21374
(34675) 21378
(34675) 21389
(34675) 21394
(34675) 21507
(34675) 21538
(34675) 21562
(34675) 21707
(34675) 21765
(34675) 21783
(34675) 21809
(34675) 21817
(34675) 21820
(34675) 21837
(34675) 21845
(34675) 21934
(34675) 22116
(34675) 22511
(34675) 22658
(34675) 22716
(34675) 23015
(34675) 23027
(34675) 23041
(34675) 23043
(34675) 23054
(34675) 23058
(34675) 23068
(34675) 23071
(34675) 23079
(34675) 23080
(34675) 23086
(34675) 23114
(34675) 23118
(34675) 23126
(34675) 23128
(34675) 23130
(34675) 23143
(34675) 23145
(34675) 23162
(34675) 23169
(34675) 23188
(34675) 23189
(34675) 23198
(34675) 23249
(34675) 23254
(34675) 23259
(34675) 23312
(34675) 23520
(34675) 23521
(34675) 23552
(34675) 23594
(34675) 23841
(34675) 23856
(34675) 23857
(34675) 23869
(34675) 23945
(34675) 24007
(34675) 24009
(34675) 24079
(34675) 25804
(34675) 25806
(34675) 25809
(34675) 25815
(34675) 25816
(34675) 25823
(34675) 25844
(34675) 25845
(34675) 25846
(34675) 25847
(34675) 25850
(34675) 25851
(34675) 25853
(34675) 25854
(34675) 25855
(34675) 25856
(34675) 25877
(34675) 25882
(34675) 25892
(34675) 25904
(34675) 25907
(34675) 25910
(34675) 28047
(34675) 28089
(34675) 28476
(34675) 28524
(34675) 67600
(34675) 67602
(34675) 67603
(34675) 67604
(34675) 67606
(34675) 67608
(34675) 67609
(34675) 67610
(34675) 67614
(34675) 67615
(34675) 67619
(34675) 67622
(34675) 67623
(34675) 67624
(34675) 67625
(34675) 67626
(34675) 67627
(34675) 67628
(34675) 67629
(34675) 67631
(34675) 67632
(34675) 67634
(34675) 67635
(34675) 67638
(34675) 67640
(34675) 67641
(34675) 67642
(34675) 67644
(34675) 67645
(34675) 67646
(34675) 67647
(34675) 67648
(34675) 67649
(34675) 67650
(34675) 67652
(34675) 67653
(34675) 67655
(34675) 67660
(34675) 67670
(34675) 67675
(34675) 67676
(34675) 67692
(34675) 67693
(34675) 67694
(34675) 67695
(34675) 67696
(34675) 67697
(34675) 67698
(34675) 67699
(34995) 49514
(34995) 49517
(34995) 49600
(34995) 49682
(34995) 49738
(34995) 49745
(34995) 49802
(34995) 49805
(34995) 49806
(34995) 49807
(34995) 49808
(34995) 49809
(34995) 49810
(34995) 49811
(34995) 49814
(34995) 49816
(34995) 49817
(34995) 49819
(34995) 49820
(34995) 49821
(34995) 49823
(34995) 49825
(34995) 49826
(34995) 49827
(34995) 49829
(34995) 49832
(34995) 49833
(34995) 49850
(34995) 49853
(34995) 49870
(34995) 49883
(34995) 49892
(34995) 49935
(34995) 49991
(34675) 20467
(34675) 21327
(34675) 23055
(34670) 21338
(34675) 20857
(34670) 21331
(34670) 21357
(34670) 21343