(34674) 31214
(34674) 31226
(34674) 31287
(34675) 20014
(34675) 20035
(34675) 20041
(34675) 20042
(34675) 20071
(34675) 20098
(34675) 20700
(34675) 20896
(34675) 21008
(34675) 21035
(34675) 21070
(34675) 21081
(34675) 21106
(34675) 21145
(34675) 21245
(34675) 21288
(34675) 21296
(34675) 21303
(34675) 21330
(34675) 21333
(34675) 21339
(34675) 21340
(34675) 21224
(34675) 21350
(34675) 21354
(34675) 21364
(34675) 21367
(34675) 21368
(34675) 21370
(34675) 21405
(34675) 21414
(34675) 21510
(34675) 22385
(34675) 22898
(34675) 21629
(34675) 21643
(34675) 21667
(34675) 21681
(34675) 23005
(34675) 23006
(34675) 23007
(34675) 23008
(34675) 21691
(34675) 21692
(34675) 21753
(34675) 21777
(34675) 21910
(34675) 21923
(34675) 22402
(34675) 22405
(34675) 23140
(34675) 23183
(34675) 24108
(34675) 24547
(34675) 24700
(34675) 24933
(34675) 27766
(34675) 27900
(34675) 27966
(34675) 27968
(34675) 65955
(34675) 65999
(34995) 48205
(34995) 48214
(34675) 24402
(34675) 21900
(34675) 21950
(34675) 27970
(34675) 70292