(34674) 31404
(34674) 30845
(34674) 30846
(34674) 30802
(34674) 30803
(34674) 30812
(34674) 30813
(34674) 30814
(34674) 30821
(34674) 30822
(34674) 30823
(34674) 30824
(34674) 30825
(34674) 30826
(34674) 30827
(34674) 30828
(34674) 30831
(34674) 30832
(34674) 30833
(34674) 30834
(34674) 30835
(34674) 30836
(34674) 30837
(34674) 30838
(34674) 31060
(34674) 31151
(34674) 31165
(34674) 31193
(34674) 31218
(34674) 31220
(34674) 31227
(34674) 31230
(34674) 31238
(34674) 31251
(34674) 31263
(34674) 31265
(34674) 31267
(34674) 31270
(34674) 31271
(34674) 31275
(34674) 31276
(34674) 31281
(34674) 31288
(34674) 31303
(34674) 31304
(34674) 31317
(34674) 31341
(34674) 31358
(34674) 31435
(34674) 31437
(34674) 31454
(34674) 31589
(34674) 31690
(34674) 31742
(34674) 31790
(34674) 31828
(34674) 31886
(34674) 31890
(34674) 31935
(34674) 32013
(34674) 32070
(34674) 32322
(34674) 32326
(34674) 32423
(34674) 32802
(34675) 20032
(34675) 20215
(34675) 20270
(34675) 20406
(34675) 20653
(34675) 20786
(34675) 20819
(34675) 21525
(34675) 21595
(34675) 21698
(34675) 21704
(34675) 21710
(34675) 21712
(34675) 21714
(34675) 21715
(34675) 21737
(34675) 21747
(34675) 21822
(34675) 21898
(34675) 23160
(34675) 23220
(34675) 23327
(34675) 23544
(34675) 23585
(34675) 23586
(34675) 23587
(34675) 23632
(34675) 23637
(34675) 23665
(34675) 23669
(34675) 23672
(34675) 23731
(34675) 23745
(34675) 23759
(34675) 23762
(34675) 23783
(34675) 24001
(34675) 24005
(34675) 24171
(34675) 24203
(34675) 24206
(34675) 24210
(34675) 24215
(34675) 24226
(34675) 24237
(34675) 24238
(34675) 24239
(34675) 24245
(34675) 24251
(34675) 24254
(34675) 24264
(34675) 24265
(34675) 24267
(34675) 24285
(34675) 24287
(34675) 24293
(34675) 24304
(34675) 24305
(34675) 24306
(34675) 24316
(34675) 24354
(34675) 24356
(34675) 24426
(34675) 24432
(34675) 24491
(34675) 24548
(34675) 24550
(34675) 24597
(34675) 24634
(34675) 24650
(34675) 24673
(34675) 24679
(34675) 24682
(34675) 24745
(34675) 24752
(34675) 24772
(34675) 24908
(34675) 24995
(34675) 27476
(34675) 27909
(34675) 27914
(34675) 27916
(34675) 27979
(34675) 27997