(34674) 34210"
(34674) 34211
(34674) 34212
(34674) 34214
(34674) 34215
(34674) 34216
(34674) 34219
(34674) 34220
(34674) 34222
(34674) 34223
(34674) 34226
(34674) 34227
(34674) 34229
(34674) 34233
(34674) 34250
(34674) 34253
(34674) 34257
(34674) 34263
(34674) 34265
(34674) 34267
(34674) 34268
(34674) 34275
(34674) 34311
(34674) 34319
(34674) 34356
(34674) 34361
(34674) 34367
(34674) 34368
(34674) 34389
(34674) 34408
(34674) 34447
(34674) 34450
(34674) 34455
(34674) 34459
(34674) 34510
(34674) 34917
(34674) 34274
(34674) 34746
(34674) 34269
(34674) 34353
(34674) 34365
(34674) 34276
(34674) 34270
(34674) 34225
(34674) 34256