(34675) 20275
(34675) 22411
(34675) 22912
(34675) 24639
(34675) 25003
(34675) 25060
(34675) 25062
(34675) 25063
(34675) 25069
(34675) 25070
(34675) 25820
(34675) 25821
(34675) 25825
(34675) 25826
(34675) 25828
(34675) 25829
(34675) 25831
(34675) 25832
(34675) 25833
(34675) 25834
(34675) 25838
(34675) 25840
(34675) 25841
(34675) 25842
(34675) 25852
(34675) 25861
(34675) 27466
(34675) 27911
(34675) 28004
(34675) 28024
(34675) 28036
(34675) 28040
(34675) 28044
(34675) 28048
(34675) 28049
(34675) 28051
(34675) 28052
(34675) 28055
(34675) 28060
(34675) 28061
(34675) 28063
(34675) 28068
(34675) 28072
(34675) 28073
(34675) 28078
(34675) 28096
(34675) 28118
(34675) 28138
(34675) 28139
(34675) 28140
(34675) 28141
(34675) 28152
(34675) 28153
(34675) 28156
(34675) 28182
(34675) 28215
(34675) 28216
(34675) 28217
(34675) 28230
(34675) 28237
(34675) 28238
(34675) 28245
(34675) 28250
(34675) 28260
(34675) 28283
(34675) 28284
(34675) 28287
(34675) 28290
(34675) 28295
(34675) 28296
(34675) 28309
(34675) 28310
(34675) 28311
(34675) 28315
(34675) 28317
(34675) 28318
(34675) 28320
(34675) 28324
(34675) 28325
(34675) 28327
(34675) 28331
(34675) 28332
(34675) 28334
(34675) 28336
(34675) 28348
(34675) 28351
(34675) 28352
(34675) 28353
(34675) 28354
(34675) 28356
(34675) 28358
(34675) 28361
(34675) 28365
(34675) 28367
(34675) 28374
(34675) 28375
(34675) 28400
(34675) 28401
(34675) 28402
(34675) 28406
(34675) 28408
(34675) 28409
(34675) 28410
(34675) 28416
(34675) 28417
(34675) 28418
(34675) 28423
(34675) 28427
(34675) 28429
(34675) 28436
(34675) 28437
(34675) 28442
(34675) 28445
(34675) 28446
(34675) 28447
(34675) 28457
(34675) 28460
(34675) 28469
(34675) 28470
(34675) 28474
(34675) 28480
(34675) 28482
(34675) 28486
(34675) 28487
(34675) 28488
(34675) 28489
(34675) 28490
(34675) 28491
(34675) 28492
(34675) 28493
(34675) 28494
(34675) 28496
(34675) 28497
(34675) 28498
(34675) 28502
(34675) 28503
(34675) 28506
(34675) 28507
(34675) 28508
(34675) 28509
(34675) 28510
(34675) 28513
(34675) 28514
(34675) 28516
(34675) 28517
(34675) 28520
(34675) 28521
(34675) 28528
(34675) 28537
(34675) 28539
(34675) 28548
(34675) 28554
(34675) 28556
(34675) 28558
(34675) 28559
(34675) 28562
(34675) 28563
(34675) 28564
(34675) 28567
(34675) 28573
(34675) 28588
(34675) 28591
(34675) 28607
(34675) 28612
(34675) 28616
(34675) 28618
(34675) 28620
(34675) 28621
(34675) 28623
(34675) 28624
(34675) 28626
(34675) 28630
(34675) 28632
(34675) 28635
(34675) 28641
(34675) 28643
(34675) 28644
(34675) 28645
(34675) 28646
(34675) 28647
(34675) 28648
(34675) 28678
(34675) 28679
(34675) 28691
(34675) 28730
(34675) 28740
(34675) 28741
(34675) 28792
(34675) 28793
(34675) 28794
(34675) 28795
(34675) 28796
(34675) 28797
(34675) 28798
(34675) 28799
(34675) 28889
(34675) 28891
(34675) 28897
(34675) 28911
(34675) 28915
(34675) 28917
(34675) 28918
(34675) 28919
(34675) 28929
(34675) 28941
(34675) 28944
(34675) 28945
(34675) 28946
(34675) 28955
(34675) 28966
(34675) 29301
(34675) 29302
(34675) 29303
(34675) 29304
(34675) 29305
(34675) 29387