(34674) 33733
(34674) 34456
(34674) 58658
(34675) 21065
(34675) 21076
(34675) 21084
(34675) 21132
(34675) 21146
(34675) 23996
(34675) 24756
(34675) 24765
(34675) 24947
(34675) 25622
(34675) 25623
(34675) 25625
(34675) 25627
(34675) 25629
(34675) 25630
(34675) 25631
(34675) 25632
(34675) 25636
(34675) 25638
(34675) 25639
(34675) 25640
(34675) 25643
(34675) 25644
(34675) 25645
(34675) 25646
(34675) 25647
(34675) 25650
(34675) 25652
(34675) 25653
(34675) 25654
(34675) 25655
(34675) 25656
(34675) 25659
(34675) 25660
(34675) 25661
(34675) 25662
(34675) 25663
(34675) 25664
(34675) 25665
(34675) 25666
(34675) 25667
(34675) 25668
(34675) 25669
(34675) 25670
(34675) 25671
(34675) 25673
(34675) 25674
(34675) 25675
(34675) 25676
(34675) 25682
(34675) 25686
(34675) 25687
(34675) 27434
(34675) 27583
(34678) 50538