(34674) 31206
(34674) 31261
(34674) 31666
(34674) 33527
(34674) 33528
(34674) 33552
(34674) 33735
(34674) 34196
(34674) 34252
(34674) 34272
(34674) 34287
(34674) 34366
(34674) 34428
(34674) 58193
(34674) 58460
(34674) 58552
(34674) 58572
(34674) 58652
(34674) 58880
(34675) 23221
(34675) 24531
(34675) 24627
(34675) 24628
(34675) 24996
(34675) 27415
(34675) 27427
(34675) 27500
(34675) 27501
(34675) 27502
(34675) 27503
(34675) 27504
(34675) 27505
(34675) 27506
(34675) 27507
(34675) 27508
(34675) 27510
(34675) 27511
(34675) 27513
(34675) 27514
(34675) 27515
(34675) 27516
(34675) 27517
(34675) 27518
(34675) 27534
(34675) 27535
(34675) 27536
(34675) 27542
(34675) 27543
(34675) 27546
(34675) 27567
(34675) 27608
(34675) 27610
(34675) 27611
(34675) 27612
(34675) 27613
(34675) 27614
(34675) 27615
(34675) 27616
(34675) 27617
(34675) 27618
(34675) 27619
(34675) 27620
(34675) 27621
(34675) 27622
(34675) 27626
(34675) 27627
(34675) 27628
(34675) 27629
(34675) 27633
(34675) 27635
(34675) 27636
(34675) 27637
(34675) 27638
(34675) 27639
(34675) 27641
(34675) 27642
(34675) 27643
(34675) 27645
(34675) 27646
(34675) 27647
(34675) 27648
(34675) 27649
(34675) 27650
(34675) 27651
(34675) 27652
(34675) 27653
(34675) 27654
(34675) 27655
(34675) 27657
(34675) 27658
(34675) 27659
(34675) 27660
(34675) 27661
(34675) 27662
(34675) 27663
(34675) 27664
(34675) 27665
(34675) 27666
(34675) 27667
(34675) 27668
(34675) 27669
(34675) 27670
(34675) 27671
(34675) 27672
(34675) 27694
(34675) 27701
(34675) 27702
(34675) 27705
(34675) 27706
(34675) 27707
(34675) 27708
(34675) 27709
(34675) 27710
(34675) 27711
(34675) 27712
(34675) 27713
(34675) 27720
(34675) 27729
(34675) 27735
(34675) 27785
(34675) 27787
(34675) 27791
(34675) 27792
(34675) 27795
(34675) 27924
(34675) 27958
(34675) 27969
(34675) 27982
(34675) 27991
(34675) 27993
(34675) 27994
(34675) 27995
(34675) 27996
(34678) 50209
(34678) 50252
(34678) 50272
(34678) 50334
(34678) 50352
(34678) 50409