(34670) 37357
(34670) 37416
(34670) 37465
(34675) 20112
(34675) 20239
(34675) 20401
(34675) 20425
(34675) 20437
(34675) 20438
(34675) 20439
(34675) 20440
(34675) 20442
(34675) 20443
(34675) 20444
(34675) 20445
(34675) 20446
(34675) 20447
(34675) 20448
(34675) 20449
(34675) 20450
(34675) 20451
(34675) 20452
(34675) 20453
(34675) 20454
(34675) 20455
(34675) 20457
(34675) 20458
(34675) 20460
(34675) 20461
(34675) 20474
(34675) 20479
(34675) 20504
(34675) 20534
(34675) 20572
(34675) 20573
(34675) 20574
(34675) 20579
(34675) 20590
(34675) 20596
(34675) 20626
(34675) 20671
(34675) 20672
(34675) 20682
(34675) 20689
(34675) 20691
(34675) 20693
(34675) 20709
(34675) 20716
(34675) 20718
(34675) 20732
(34675) 20733
(34675) 20750
(34675) 20760
(34675) 20774
(34675) 20791
(34675) 20822
(34675) 20833
(34675) 20834
(34675) 20851
(34675) 20912
(34675) 20917
(34675) 20928
(34675) 20951
(34675) 21025
(34675) 21031
(34675) 21034
(34675) 21095
(34675) 21322
(34675) 21773
(34675) 21816
(34675) 23029
(34675) 23172
(34675) 23205
(34675) 23287
(34675) 23292
(34675) 23319
(34675) 23406
(34675) 23474
(34675) 23477
(34675) 23488
(34675) 23494
(34675) 23495
(34675) 23505
(34675) 23509
(34675) 23523
(34675) 23584
(34675) 23608
(34675) 23688
(34675) 23816
(34675) 23859
(34675) 23864
(34675) 23865
(34675) 23866
(34675) 23867
(34675) 23903
(34675) 23932
(34675) 23956
(34675) 23976
(34675) 23977
(34675) 23984
(34675) 24034
(34675) 24062
(34675) 24067
(34675) 24148
(34675) 24234
(34675) 24243
(34675) 24263
(34675) 24294
(34675) 24299
(34675) 24322
(34675) 24325
(34675) 24365
(34675) 24415
(34675) 24444
(34675) 24474
(34675) 24488
(34675) 24489
(34675) 24513
(34675) 24525
(34675) 24584
(34675) 24607
(34675) 24614
(34675) 24621
(34675) 24763
(34675) 24764
(34675) 24834
(34675) 24962
(34675) 24981
(34675) 25817
(34675) 25857
(34675) 25879
(34675) 25931
(34675) 28056
(34675) 28019
(34675) 28100
(34675) 28142
(34675) 28143
(34675) 28148
(34675) 28193
(34675) 28234
(34675) 28235
(34675) 28236
(34675) 28257
(34675) 28258
(34675) 28299
(34675) 28300
(34675) 28308
(34675) 28312
(34675) 28357
(34675) 28379
(34675) 28380
(34675) 28381
(34675) 28399
(34675) 28412
(34675) 28430
(34675) 28431
(34675) 28453
(34675) 28468
(34675) 28501
(34675) 28538
(34675) 28613
(34675) 28615
(34675) 28622
(34675) 28665
(34675) 28668
(34675) 28959
(34675) 29016
(34675) 29018
(34675) 29021
(34675) 29052
(34675) 29092
(34675) 29906
(34675) 29908
(34675) 29909
(34675) 29913
(34675) 29917
(34675) 29918
(34675) 29921
(34675) 29923
(34675) 29933
(34675) 29934
(34675) 29936
(34675) 29937
(34675) 29939
(34675) 29942
(34675) 29944
(34675) 29950
(34675) 29952
(34675) 29960
(34675) 29964
(34675) 29965
(34675) 29970
(34675) 29974
(34675) 29983
(34675) 29985
(34675) 29987
(34675) 29989
(34675) 29990
(34675) 29992
(34675) 29994
(34675) 29995
(34678) 51029
(34678) 51033
(34678) 51202
(34678) 51210
(34678) 51212
(34678) 51215
(34678) 51216
(34678) 51219
(34678) 51238
(34678) 51241
(34678) 51243
(34678) 51258
(34678) 51259
(34678) 51264
(34678) 51265
(34678) 51270
(34678) 51273
(34678) 51275
(34678) 51281
(34678) 51294
(34678) 51318
(34678) 51319
(34678) 51329
(34678) 51332
(34678) 51333
(34678) 51334
(34678) 51340
(34678) 51359
(34678) 51382
(34678) 51384
(34678) 51387
(34678) 61505
(34678) 61524
(34995) 14043
(34995) 14082
(34995) 14127
(34995) 14318
(34995) 14343
(34675) 20456
(34675) 23388
(34675) 28609
(34675) 29976
(34675) 29979
(34675) 29998
(34678) 51223
(34675) 20571
(34675) 24031
(34675) 28328
(34675) 29978
(34675) 29980
(34678) 51286
(34675) 24233
(34675) 28610
(34678) 51287
(34675) 29991
(34675) 20646
(34675) 23101
(34675) 23102
(34675) 24629
(34675) 24220
(34675) 20824
(34675) 29932
(34675) 29993
(34675) 23987
(34675) 27550
(34678) 51266
(34678) 51248
(34995) 56027
(34949) 10338
(34995) 14380
(34995) 14302
(34670) 37058