(34995) 15158
(34995) 15165
(34995) 15166
(34995) 15167
(34995) 15168
(34995) 15169
(34995) 15170
(34995) 15186
(34995) 15192
(34995) 15210
(34995) 15211
(34995) 15212
(34995) 15214
(34995) 15215
(34995) 15216
(34995) 15219
(34995) 15220
(34995) 15222
(34995) 15223
(34995) 15226
(34995) 15227
(34995) 15229
(34995) 15233
(34995) 15248
(34995) 15253
(34995) 15255
(34995) 15257
(34995) 15263
(34995) 15267
(34995) 15268
(34995) 15270
(34995) 15274
(34995) 15275
(34995) 15277
(34995) 15278
(34995) 15279
(34995) 15302
(34995) 15304
(34995) 15310
(34995) 15319
(34995) 15326
(34995) 15328
(34995) 15337
(34995) 15340
(34995) 15343
(34995) 15346
(34995) 15353
(34995) 15361
(34995) 15367
(34995) 15376
(34995) 15410
(34995) 15422
(34995) 15426
(34995) 15430
(34995) 15438
(34995) 15439
(34995) 15464
(34995) 15482