(34995) 17007
(34995) 17021
(34995) 17037
(34995) 17043
(34995) 17047
(34995) 17049
(34995) 17092
(34995) 17104
(34995) 17106
(34995) 17112
(34995) 17120
(34995) 17126
(34995) 17135
(34995) 17147
(34995) 17201
(34995) 17202
(34995) 17203
(34995) 17204
(34995) 17205
(34995) 17206
(34995) 17207
(34995) 17208
(34995) 17209
(34995) 17210
(34995) 17211
(34995) 17212
(34995) 17213
(34995) 17214
(34995) 17215
(34995) 17216
(34995) 17219
(34995) 17220
(34995) 17221
(34995) 17222
(34995) 17223
(34995) 17226
(34995) 17227
(34995) 17228
(34995) 17229
(34995) 17233
(34995) 17254
(34995) 17255
(34995) 17257
(34995) 17259
(34995) 17274
(34995) 17275
(34995) 17278
(34995) 17279
(34995) 17288
(34995) 17319
(34995) 17346
(34995) 17357
(34995) 17358
(34995) 17388
(34995) 17403
(34995) 17414
(34995) 17438
(34995) 17442
(34995) 17482
(34995) 17483
(34995) 17490
(34995) 17591
(34995) 17598
(34995) 17638
(34995) 17662
(34995) 17715
(34995) 17720
(34995) 17735
(34995) 17779
(34995) 56037
(34995) 57510
(34995) 57511
(34995) 57512
(34995) 57514
(34995) 57515
(34995) 57516
(34995) 57534
(34995) 57537
(34995) 57538
(34995) 57541
(34995) 57548
(34995) 57552
(34995) 57553
(34995) 57556
(34995) 57558
(34995) 57560
(34995) 57565
(34995) 57566
(34995) 57567
(34995) 57568
(34995) 57570
(34995) 57574
(34995) 57576
(34995) 57578
(34995) 57580
(34995) 57585
(34995) 57586
(34995) 57587
(34995) 57589